world: world
x: -0.4342100702977748
y: 52.0
z: 316.13413007003317
yaw: -251.31612
pitch: -10.348507
name: nain
