world: world
x: -0.8604997836719298
y: 50.0625
z: -1.9322426193088258
yaw: -331.35913
pitch: 21.82984
name: spawn
