lastAccountName: Drizox
timestamps:
  login: 1518637970238
  logout: 1518638028307
ipAddress: 90.93.163.243
lastlocation:
  world: AsianKingdom
  x: -7.34745252608019
  y: 33.29944865617781
  z: 223.46657289629462
  yaw: -197.34888
  pitch: -90.0
logoutlocation:
  world: AsianKingdom
  x: 12.49052217183286
  y: 65.76681183220019
  z: 165.86419821263954
  yaw: -201.83429
  pitch: 4.799355
money: '30.0'
