afk: false
lastlocation:
  world: survie
  x: -0.25585071296835954
  y: 63.0
  z: -0.06576558560453506
  yaw: 59.09998
  pitch: 47.55001
lastAccountName: Yaya
timestamps:
  login: 1511816526143
  logout: 1511817883281
  lastteleport: 1511811731287
ipAddress: 84.99.133.12
logoutlocation:
  world: survie
  x: -303.4125330292644
  y: 11.0
  z: -111.7590802632178
  yaw: 99.80615
  pitch: 34.649975
money: '261.03999999999996'
