lastAccountName: Isaorya
timestamps:
  login: 1512573664120
  logout: 1512575278933
ipAddress: 81.67.32.96
logoutlocation:
  world: survie
  x: 138.74936388011804
  y: 64.0
  z: 258.65080927179685
  yaw: -0.1494751
  pitch: 13.499999
