lastAccountName: LabaleineCP
timestamps:
  login: 1513376897236
  logout: 1513377729294
ipAddress: 82.233.229.53
lastlocation:
  world: survie
  x: 109.62570935691477
  y: 64.0
  z: 255.1096383127634
  yaw: -210.89987
  pitch: 3.150003
logoutlocation:
  world: survie
  x: 123.02322093242464
  y: 62.0
  z: 340.0724174871052
  yaw: -333.90024
  pitch: 10.350006
