lastAccountName: SnowIce
timestamps:
  login: 1513018103035
  logout: 1513018265019
ipAddress: 213.189.168.7
logoutlocation:
  world: survie
  x: 173.70737975464937
  y: 63.0
  z: 259.6986879292783
  yaw: 120.75305
  pitch: -5.1000147
