lastAccountName: AllahBanque
timestamps:
  login: 1513720824142
  lastteleport: 1513383710682
  logout: 1513720840251
ipAddress: 78.235.145.86
lastlocation:
  world: survie
  x: -566.9402313749712
  y: 62.0
  z: 690.0814075086998
  yaw: 108.08539
  pitch: 41.400005
logoutlocation:
  world: survie
  x: -1.6999999880790826
  y: 64.0
  z: 186.30000001192093
  yaw: -303.59915
  pitch: 10.350045
