lastAccountName: Akimitsuuu
timestamps:
  login: 1512909274170
  logout: 1512909306927
ipAddress: 78.230.194.139
logoutlocation:
  world: survie
  x: 134.35408951566333
  y: 64.0
  z: 244.96978236453145
  yaw: 311.07098
  pitch: 5.1914954
