lastAccountName: antony11_09
timestamps:
  login: 1513170201827
  logout: 1513170212487
ipAddress: 212.198.92.104
logoutlocation:
  world: survie
  x: 122.75383597077156
  y: 64.0
  z: 244.62698640407658
  yaw: -169.26166
  pitch: 14.190791
money: '30.0'
