lastlocation:
  world: survie
  x: -0.3278439759141621
  y: 52.01425541539493
  z: -0.514222359644905
  yaw: -73.875244
  pitch: -83.915794
powertools: {}
timestamps:
  logout: 1512781019642
  lastteleport: 1511737257943
  login: 1512780997738
logoutlocation:
  world: survie
  x: 149.78431894962225
  y: 66.0
  z: 276.3989372838254
  yaw: 125.46683
  pitch: 15.195683
lastAccountName: MaRiJuAnA29
ipAddress: 77.134.154.86
afk: false
money: '436.8163125000002'
