spawns: 
  default: 
    world: world_the_end
    x: 8.869151330599529
    y: 65.0
    z: -12.634988409607153
    yaw: -103.63391
    pitch: 26.2902
